0.0
0.0
0.0
0.0
0.0
0.0
0.0
0.0
0.0
0.0
0.0
0.0
0.0
0.0
0.0
0.0
0.0
0.0
0.0
0.0
0.0
0.0
0.0
0.0
0.0
0.0
0.0
0.0
0.0
0.0
0.0
0.0
0.0
0.0
0.0
0.0
0.0
0.0
0.0
0.0
0.0
0.0
0.0
0.0
0.0
0.0
0.0
0.0
0.0
0.0
0.0
0.0
0.0
0.0
0.0
0.0
0.0
0.0
0.0
0.0
0.0
0.0
0.0
0.0
0.0
0.0
0.0
0.0
0.0
0.0
0.0
0.0
0.0
0.0
0.0
0.0
0.0
0.0
0.0
0.0
0.0
0.0
0.0
0.0
0.0
0.0
0.0
0.0
0.0
0.0
0.0
0.0
0.0
0.0
0.0
0.0
0.0
0.0
0.0
0.0
0.0
0.0
0.0
0.0
0.0
0.0
0.0
0.0
0.0
0.0
0.0
0.0
0.0
0.0
0.0
0.0
0.0
0.0
0.0
0.0
0.0
0.0
0.0
0.0
0.0
0.0
0.0
0.0
0.0
0.0
0.0
0.0
0.0
0.0
0.0
0.0
0.0
0.0
0.0
0.0
0.0
0.0
0.0
0.0
0.0
0.0
0.0
0.0
0.0
0.0
0.0
0.0
0.0
0.0
0.0
0.0
0.0
0.0
0.0
0.0
0.0
0.0
0.0
0.0
0.0
0.0
0.0
0.0
0.0
0.0
0.0
0.0
0.0
0.0
0.0
0.0
0.0
0.0
0.0
0.0
0.0
0.0
0.0
0.0
0.0
0.0
0.0
0.0
0.0
0.0
0.0
0.0
0.0
0.0
0.0
0.0
0.0
0.0
0.0
0.0
0.0
0.0
0.0
0.0
0.0
0.0
0.0
0.0
0.0
0.0
0.0
0.0
0.0
0.0
0.0
0.0
0.0
0.0
0.0
0.0
0.0
0.0
0.0
0.0
0.0
0.0
0.0
0.0
0.0
0.0
0.0
0.0
0.0
0.0
0.0
0.0
0.0
0.0
0.0
0.0
0.0
0.0
0.0
0.0
0.0
0.0
0.0
0.0
0.0
0.0
0.0
0.0
0.0
0.0
0.0
0.0
0.0
0.0
0.0
0.0
0.0
0.0
0.0
0.0
0.0
0.0
0.0
0.0
0.0
0.0
0.0
0.0
0.0
0.0
0.0
0.0
0.0
0.0
0.0
0.0
0.0
0.0
0.0
0.0
0.0
0.0
0.0
0.0
0.0
0.0
0.0
0.0
0.0
0.0
0.0
0.0
0.0
0.0
0.0
0.0
0.0
0.0
0.0
0.0
0.0
0.0
0.0
0.0
0.0
0.0
0.0
0.0
0.0
0.0
0.0
0.0
0.0
0.0
0.0
0.0
0.0
0.0
0.0
0.0
0.0
0.0
0.0
0.0
0.0
0.0
0.0
0.0
0.0
0.0
0.0
0.0
0.0
0.0
0.0
0.0
0.0
0.0
0.0
0.0
0.0
0.0
0.0
0.0
0.0
0.0
0.0
0.0
0.0
0.0
0.0
0.0
0.0
0.0
0.0
0.0
0.0
0.0
0.0
0.0
0.0
0.0
0.0
0.0
0.0
0.0
0.0
0.0
0.0
0.0
0.0
0.0
0.0
0.0
0.0
0.0
0.0
0.0
0.0
0.0
0.0
0.0
0.0
0.0
0.0
0.0
0.0
0.0
0.0
0.0
0.0
0.0
0.0
0.0
0.0
0.0
0.0
0.0
0.0
0.0
0.0
0.0
0.0
0.0
0.0
0.0
0.0
0.0
0.0
0.0
0.0
0.0
0.0
0.0
0.0
0.0
0.0
0.0
0.0
0.0
0.0
0.0
0.0
0.0
0.0
0.0
0.0
0.0
0.0
0.0
0.0
0.0
0.0
0.0
0.0
0.0
0.0
0.0
0.0
0.0
0.0
0.0
0.0
0.0
0.0
0.0
0.0
0.0
0.0
0.0
0.0
0.0
0.0
0.0
0.0
0.0
0.0
0.0
0.0
0.0
0.0
0.0
0.0
0.0
0.0
0.0
0.0
0.0
0.0
0.0
0.0
0.0
0.0
0.0
0.0
0.0
0.0
0.0
0.0
0.0
0.0
0.0
0.0
0.0
0.0
0.0
0.0
0.0
0.0
0.0
0.0
0.0
0.0
0.0
0.0
0.0
0.0
0.0
0.0
0.0
0.0
0.0
0.0
0.0
0.0
0.0
0.0
0.0
0.0
0.0
0.0
0.0
0.0
0.0
0.0
0.0
0.0
0.0
0.0
0.0
0.0
0.0
0.0
0.0
0.0
0.0
0.0
0.0
0.0
0.0
0.0
0.0
0.0
0.0
0.0
0.0
0.0
0.0
0.0
0.0
0.0
0.0
0.0
0.0
0.0
0.0
0.0
0.0
0.0
0.0
0.0
0.0
0.0
0.0
0.0
0.0
0.0
0.0
0.0
0.0
0.0
0.0
0.0
0.0
0.0
0.0
0.0
0.0
0.0
0.0
0.0
0.0
0.0
0.0
0.0
0.0
0.0
0.0
0.0
0.0
0.0
0.0
0.0
0.0
0.0
0.0
0.0
0.0
0.0
0.0
0.0
0.0
0.0
0.0
0.0
0.0
0.0
0.0
0.0
0.0
0.0
0.0
0.0
0.0
0.0
0.0
0.0
0.0
0.0
0.0
0.0
0.0
0.0
0.0
0.0
0.0
0.0
0.0
0.0
0.0
0.0
0.0
0.0
0.0
0.0
0.0
0.0
0.0
0.0
0.0
0.0
0.0
0.0
0.0
0.0
0.0
0.0
0.0
0.0
0.0
0.0
0.0
0.0
0.0
0.0
0.0
0.0
0.0
0.0
0.0
0.0
0.0
0.0
0.0
0.0
0.0
0.0
0.0
0.0
0.0
0.0
0.0
0.0
0.0
0.0
0.0
0.0
0.0
0.0
0.0
0.0
0.0
0.0
0.0
0.0
0.0
0.0
0.0
0.0
0.0
0.0
0.0
0.0
0.0
0.0
0.0
0.0
0.0
0.0
0.0
0.0
0.0
0.0
0.0
0.0
0.0
0.0
0.0
0.0
0.0
0.0
0.0
0.0
0.0
0.0
0.0
0.0
0.0
0.0
0.0
0.0
0.0
0.0
0.0
0.0
0.0
0.0
0.0
0.0
0.0
0.0
0.0
0.0
0.0
0.0
0.0
0.0
0.0
0.0
0.0
0.0
0.0
0.0
0.0
0.0
0.0
0.0
0.0
0.0
0.0
0.0
0.0
0.0
0.0
0.0
0.0
0.0
0.0
0.0
0.0
0.0
0.0
0.0
0.0
0.0
0.0
0.0
0.0
0.0
0.0
0.0
0.0
0.0
0.0
0.0
0.0
0.0
0.0
0.0
0.0
0.0
0.0
0.0
0.0
0.0
0.0
0.0
0.0
0.0
0.0
0.0
0.0
0.0
0.0
0.0
0.0
0.0
0.0
0.0
0.0
0.0
0.0
0.0
0.0
0.0
0.0
0.0
0.0
0.0
0.0
0.0
0.0
0.0
0.0
0.0
0.0
0.0
0.0
0.0
0.0
0.0
0.0
0.0
0.0
0.0
0.0
0.0
0.0
0.0
0.0
0.0
0.0
0.0
0.0
0.0
0.0
0.0
0.0
0.0
0.0
0.0
0.0
0.0
0.0
0.0
0.0
0.0
0.0
0.0
0.0
0.0
0.0
0.0
0.0
0.0
0.0
0.0
0.0
0.0
0.0
0.0
0.0
0.0
0.0
0.0
0.0
0.0
0.0
0.0
0.0
0.0
0.0
0.0
0.0
0.0
0.0
0.0
0.0
0.0
0.0
0.0
0.0
0.0
0.0
0.0
0.0
0.0
0.0
0.0
0.0
0.0
0.0
0.0
0.0
0.0
0.0
0.0
0.0
0.0
0.0
0.0
0.0
0.0
0.0
0.0
0.0
0.0
0.0
0.0
0.0
0.0
0.0
0.0
0.0
0.0
0.0
0.0
0.0
0.0
0.0
0.0
0.0
0.0
0.0
0.0
0.0
0.0
0.0
0.0
0.0
0.0
0.0
0.0
0.0
0.0
0.0
0.0
0.0
0.0
0.0
0.0
0.0
0.0
0.0
0.0
0.0
0.0
0.0
0.0
0.0
0.0
0.0
0.0
0.0
0.0
0.0
0.0
0.0
0.0
0.0
0.0
0.0
0.0
0.0
0.0
0.0
0.0
0.0
0.0
0.0
0.0
0.0
0.0
0.0
0.0
0.0
0.0
0.0
0.0
0.0
0.0
0.0
0.0
0.0
0.0
0.0
0.0
0.0
0.0
0.0
0.0
0.0
0.0
0.0
0.0
0.0
0.0
0.0
0.0
0.0
0.0
0.0
0.0
0.0
0.0
0.0
-0.0017356829765545361
-0.0018091559633027525
-0.0019332752293577983
-0.0022507094801223243
-0.0024550509683995926
-0.002172217125382263
-0.0016197798165137616
-0.0015223730886850153
-0.002241718654434251
-0.003204633027522936
-0.0034497278287461777
-0.0026846493374108053
-0.0015337380224260957
-0.0008034760448521916
-0.0010055647298674822
-0.0024261009174311927
-0.004941469928644241
-0.007580096839959225
-0.008692828746177371
-0.007303875637104995
-0.00421079001019368
-0.0011676554536187564
0.0008708379204892967
0.0023096085626911314
0.003807051987767584
0.00528521508664628
0.0064806197757390415
0.007884600407747197
0.010148417940876656
0.012659545361875638
0.013946354740061163
0.0136478124362895
0.013184869520897044
0.01389671763506626
0.014999225280326198
0.014431837920489297
0.011581117227319063
0.007933896024464832
0.004923054026503568
0.002651088685015291
0.0008843649337410806
-1.547400611620795e-06
0.00012176554536187564
7.62262996941896e-05
-0.001869217125382263
-0.005968325178389399
-0.010289623853211008
-0.012223414882772681
-0.010517716615698268
-0.006060895005096841
-0.000813908256880734
0.0036898766564729866
0.006438727828746177
0.006452340468909276
0.0036980693170234457
-0.00033668093781855253
-0.0037222640163098878
-0.004973870540265036
-0.003093114169215087
0.0018110835881753311
0.0075567145769622835
0.01066211518858308
0.009056618756371052
0.004109239551478084
-0.000912908256880734
-0.00424213251783894
-0.006401227319062182
-0.007955481141692151
-0.00772901630988787
-0.004304693170234454
0.001314242609582059
0.0059277594291539245
0.007419278287461774
0.007022965341488277
0.0072528725790010195
0.008764062181447502
0.01061437003058104
0.012722499490316005
0.01619112130479103
0.02075456371049949
0.023587787971457698
0.022354239551478083
0.018702859327217127
0.016430362895005098
0.01680121406727829
0.017532870540265037
0.01632485117227319
0.013955491335372069
0.01322963506625892
0.014961686034658512
0.01597796024464832
0.011586877675840978
-4.471763506625892e-05
-0.015876648318042814
-0.030718609582059124
-0.040757829765545366
-0.044585175331294594
-0.04230550560652395
-0.03478711620795107
-0.02356300611620795
-0.010823161060142712
0.0002920224260958206
0.006233242609582059
0.0048080193679918455
-0.002732750254841998
-0.011546107033639143
-0.01686822629969419
-0.01810320489296636
-0.018623681957186545
-0.021217571865443423
-0.024426651376146788
-0.024095957186544344
-0.01759051987767584
-0.006698678899082569
0.003331427115188583
0.0077157889908256875
0.005203585117227319
-0.0016185310907237513
-0.008736014271151884
-0.01303138022426096
-0.01254797859327217
-0.0066036850152905195
0.004238838939857288
0.018366270132517837
0.033405802242609584
0.04707617023445464
0.057566748216106016
0.06401844036697248
0.06702845463812436
0.06715552599388379
0.06293554740061162
0.05140715800203874
0.03087911416921509
0.0033191416921508664
-0.025842814475025483
-0.04945892660550459
-0.06107063506625892
-0.0576008256880734
-0.04172108460754333
-0.02201560958205912
-0.008011844036697248
-0.0032367217125382265
-0.0033872008154943933
-0.0016509347604485218
0.004022748216106015
0.009620695208970438
0.009843841997961265
0.00293644750254842
-0.008242203873598369
-0.018431605504587157
-0.023293537206931704
-0.021857576962283385
-0.01689278899082569
-0.013336981651376147
-0.014823017329255861
-0.020976726809378184
-0.028402251783893984
-0.033943544342507646
-0.036259427115188585
-0.034998594291539245
-0.03009833639143731
-0.022739864424057087
-0.01648092252803262
-0.015299454638124363
-0.02022314373088685
-0.02853155861365953
-0.035810223241590215
-0.03952757798165137
-0.04015100101936799
-0.038716401630988787
-0.035287948012232416
-0.030096370030581042
-0.024481978593272172
-0.020475826707441386
-0.01971402140672783
-0.021285773700305807
-0.02106195514780836
-0.015696761467889907
-0.007250039755351681
-0.002119661569826707
-0.004841270132517839
-0.013022604485219165
-0.019495980632008157
-0.01872211518858308
-0.010662561671763507
-0.0004229266055045872
0.006221636085626911
0.007951539245667686
0.0074085372069317024
0.006308046890927625
0.0034102864424057086
-0.00298555249745158
-0.011982042813455657
-0.019712130479102953
-0.021746521916411826
-0.016842489296636086
-0.007939495412844036
0.0021329531090723748
0.013970367991845057
0.028584402650356777
0.04324527319062182
0.051731836901121306
0.04906260856269114
0.03673333333333333
0.022560230377166157
0.014089204892966362
0.012564493374108053
0.013824951070336391
0.013207266055045871
0.0095062375127421
0.006242266055045871
0.008588041794087665
0.0183292375127421
0.03215716309887869
0.04425119469928644
0.05090944546381244
0.053275089704383286
0.05575740366972477
0.06130531498470948
0.06791027319062182
0.0699346880733945
0.06327201121304792
0.049065050968399596
0.032354503567787976
0.017718584097859327
0.006300560652395515
-0.003092433231396534
-0.01024794495412844
-0.01268772884811417
-0.008891278287461774
3.636391437308869e-05
0.012095076452599388
0.025455325178389398
0.03820760652395515
0.04778360346585117
0.051732775739041795
0.049500432212028544
0.042251881753312945
0.03123286850152905
0.016275549439347604
-0.003459500509683996
-0.026836561671763508
-0.04901554740061162
-0.06329949235474006
-0.06576119775739042
-0.05779952191641183
-0.04529393985728848
-0.03495688481141692
-0.02960663404689093
-0.028104392456676862
-0.029022284403669725
-0.0316793496432212
-0.03546849745158002
-0.03986906523955148
-0.04418228848114169
-0.048107178389398576
-0.05326358613659531
-0.06160809072375127
-0.07113516717635066
-0.07592740265035677
-0.07148470336391437
-0.05747629051987768
-0.03697141080530071
-0.015200784913353721
0.0029302762487257903
0.015473900101936798
0.023977129459734965
0.030774599388379207
0.035781625891947
0.036083539245667685
0.029152780835881752
0.016897423037716616
0.003938706422018348
-0.007118697247706422
-0.015978324159021406
-0.022430603465851174
-0.02537838837920489
-0.023423945973496434
-0.016322250764525995
-0.006880737003058105
-0.0002375749235474006
-0.0004265096839959225
-0.007426714576962283
-0.016589250764525994
-0.022001925586136596
-0.020115955147808357
-0.010630345565749235
0.00287293374108053
0.014573944954128441
0.020766504587155964
0.02235532110091743
0.023161594291539245
0.026231352701325178
0.03177317635066259
0.03760897859327217
0.04142565953109073
0.042513334352701326
0.0409600499490316
0.03665026401630989
0.030571390417940877
0.025454311926605504
0.0237163873598369
0.02539569928644241
0.02839479001019368
0.03003834148827727
0.02957630479102956
0.02915957900101937
0.030567999999999998
0.03304831600407747
0.03565214373088685
0.03823866666666667
0.03960835372069317
0.037950960244648314
0.033098099898063206
0.026881531090723748
0.020915511722731907
0.015070444444444444
0.00831658613659531
-0.00020893170234454638
-0.01065909887869521
-0.022043843017329257
-0.03226697247706422
-0.03878697961264016
-0.040491407747196735
-0.03980338226299694
-0.04133493577981651
-0.04689689806320081
-0.0528430998980632
-0.05399471763506626
-0.05005463506625892
-0.04596525790010194
-0.04516710397553517
-0.044631803261977576
-0.03876629459734965
-0.026398036697247707
-0.011285614678899082
0.0015534159021406728
0.009445067278287462
0.013141710499490316
0.013863758409785931
0.011837846075433232
0.008513137614678899
0.007400708460754332
0.011830167176350662
0.022848697247706422
0.03823473904179409
0.053515883792048934
0.06518654128440367
0.07291474821610602
0.07913443832823648
0.0861687257900102
0.09275653516819572
0.09371459327217126
0.0840448012232416
0.06380944750254842
0.038445963302752295
0.013784004077471967
-0.007695843017329256
-0.025591300713557596
-0.03847641896024465
-0.043607826707441386
-0.040573850152905204
-0.03355133639143731
-0.02789955861365953
-0.02592220489296636
-0.027068858307849133
-0.03062900611620795
-0.036102178389398575
-0.04113552191641182
-0.04165148419979613
-0.03488791743119266
-0.022587913353720693
-0.010663311926605504
-0.004720872579001019
-0.006537443425076453
-0.013981097859327218
-0.02271596024464832
-0.027479715596330275
-0.02511233231396534
-0.01821618246687054
-0.013223766564729867
-0.013902141692150866
-0.017076660550458714
-0.0157297247706422
-0.0057755545361875636
0.011126427115188584
0.029362886850152904
0.04239149235474006
0.04578217023445464
0.040128901121304794
0.03073186136595311
0.023532570846075435
0.021404919469928643
0.023015047910295617
0.024876416921508663
0.024774084607543323
0.02315086136595311
0.021368601427115188
0.019035701325178386
0.014101170234454638
0.005483875637104995
-0.005510733944954129
-0.016602249745158
-0.027048622833843017
-0.038022099898063204
-0.049716726809378185
-0.058788731906218146
-0.06063375535168195
-0.05446060856269113
-0.04392245463812436
-0.03301224260958206
-0.023054197757390416
-0.01291786646279307
-0.0012177115188583079
0.01136359123343527
0.021583116207951072
0.026001064220183487
0.02443779612640163
0.02149155249745158
0.023315576962283386
0.031101759429153927
0.03922585219164118
0.04095658103975536
0.03483243119266055
0.025399219164118244
0.0181171997961264
0.014214638124362895
0.010850375127421
0.005280985728848114
-0.0024069734964322124
-0.011411074413863406
-0.021978681957186545
-0.033665169215086645
-0.044398658511722734
-0.05164576554536188
-0.05403314984709481
-0.05159526911314984
-0.04509206014271152
-0.03627623343527013
-0.029048046890927628
-0.02805337104994903
-0.03462444648318043
-0.044650702344546385
-0.051642441386340464
-0.052510236493374114
-0.04938154230377166
-0.04560079714576962
-0.04161224566768603
-0.035250476044852194
-0.02503098470948012
-0.012267649337410804
-9.426095820591233e-05
0.009373775739041794
0.01632488990825688
0.02173233129459735
0.02554482364933741
0.025542936799184505
0.01910885728848114
0.007274170234454638
-0.004694283384301733
-0.010513227319062181
-0.006329802242609582
0.007561282364933741
0.027589338430173294
0.04888964322120286
0.06686500101936799
0.07927313353720693
0.08757663200815495
0.0941842874617737
0.09851265341488277
0.0969894495412844
0.08681875127420999
0.06924857696228338
0.04914127624872579
0.03198916106014271
0.02087149643221203
0.015084532110091744
0.011877023445463812
0.008969284403669725
0.0060390285423037714
0.004546495412844036
0.00619203873598369
0.011788058103975535
0.02001818144750255
0.026457212028542305
0.02518088888888889
0.013671285423037716
-0.003865086646279307
-0.01982235575942915
-0.028962715596330277
-0.030261151885830784
-0.02541572986748216
-0.017323009174311926
-0.009395112130479102
-0.004942329255861366
-0.005602216106014271
-0.009979868501529052
-0.014175489296636085
-0.01463764627930683
-0.011408896024464831
-0.007617040774719674
-0.0063623190621814475
-0.00855595616717635
-0.012611550458715596
-0.01605069622833843
-0.017515921508664628
-0.01730565137614679
-0.016861196738022426
-0.017256350662589195
-0.017196317023445463
-0.013804294597349644
-0.006459768603465851
0.0013426523955147808
0.005599254841997961
0.0069672456676860344
0.010165029561671764
0.018449797145769622
0.030116864424057085
0.039487452599388385
0.0415798002038736
0.03596450866462793
0.02616728236493374
0.016799362895005096
0.010953818552497453
0.009372204892966361
0.011533605504587156
0.017210201834862385
0.026158068297655455
0.03642518450560652
0.04399149643221203
0.04474034352701325
0.037085356778797145
0.023824079510703363
0.011236543323139654
0.003713028542303772
-0.0002848195718654434
-0.005845688073394495
-0.016036990825688074
-0.02892748623853211
-0.03957168807339449
-0.04481104281345565
-0.04536571151885831
-0.04347037104994903
-0.04011843628950051
-0.03502080428134557
-0.02777113149847095
-0.018730319062181446
-0.009699220183486238
-0.0033865045871559634
-0.0019313934760448522
-0.005663450560652396
-0.013211023445463812
-0.022962046890927623
-0.0340296625891947
-0.04587219164118247
-0.05700024566768603
-0.064045874617737
-0.06366750662589195
-0.05579612742099898
-0.044184277268093784
-0.03334825891946993
-0.024425932721712538
-0.014819615698267074
-0.0026149317023445463
0.010132258919469929
0.01926636595310907
0.02291319877675841
0.023048213047910295
0.023166487257900104
0.02453706727828746
0.02470750458715596
0.020401705402650357
0.011604383282364935
0.001877953109072375
-0.005299440366972477
-0.009416417940876656
-0.011773030581039757
-0.012434808358817533
-0.010298267074413864
-0.005988318042813455
-0.0026570886850152903
-0.0032202833843017332
-0.006612451580020388
-0.008305827726809378
-0.00608183384301733
-0.003458282364933741
-0.006477674821610602
-0.01763128236493374
-0.03271035066258919
-0.044458170234454635
-0.04873939857288481
-0.04647688481141692
-0.0405821620795107
-0.03214111009174312
-0.020766414882772682
-0.008226638124362896
0.0008130428134556576
0.0028235249745158
-0.0018905372069317023
-0.010745
-0.020854372069317024
-0.02924072375127421
-0.0325522996941896
-0.02838701630988787
-0.01759880632008155
-0.004808915392456676
0.00504445871559633
0.011027460754332315
0.016233257900101935
0.023780591233435268
0.03328743527013252
0.041123280326197754
0.04351689500509684
0.03970184403669724
0.03186918042813456
0.022947692150866464
0.015371951070336391
0.009948606523955147
0.0055010050968399594
0.0010133659531090724
-0.00248459123343527
-0.002324242609582059
0.0032896207951070336
0.01246876860346585
0.020094624872579
0.0220891753312946
0.018761820591233436
0.013135131498470948
0.007580899082568807
0.003123757390417941
0.0001176788990825688
-0.0013211692150866463
-0.0012471049949031603
-1.8571865443425077e-05
0.001848308868501529
0.003991600407747197
0.0063074791029561665
0.008562814475025484
0.009737190621814475
0.007936749235474007
0.0013447390417940877
-0.009471748216106015
-0.02081889398572885
-0.028435305810397552
-0.03043766768603466
-0.028394123343527013
-0.025860213047910297
-0.025185705402650357
-0.02582098878695209
-0.0257187003058104
-0.023519350662589193
-0.018870343527013254
-0.010851792048929663
0.0020027003058103975
0.01916032008154944
0.03628255453618757
0.04745871049949032
0.04985214271151886
0.045333715596330273
0.0381385249745158
0.031696429153924566
0.02705187767584098
0.023134727828746177
0.01853098878695209
0.013259827726809378
0.008992615698267075
0.007651543323139653
0.009578031600407747
0.013111658511722732
0.015179405708460755
0.013147731906218145
0.0073639745158002035
0.0007415086646279306
-0.004602146788990826
-0.009409451580020387
-0.015549186544342508
-0.022778754332313966
-0.02782480122324159
-0.0264715626911315
-0.01718319164118247
-0.003185747196738022
0.009885293577981652
0.018161238532110092
0.02101469622833843
0.019704367991845058
0.015467551478083588
0.008813284403669725
0.0006472069317023445
-0.006815496432212029
-0.011110216106014271
-0.01132021508664628
-0.008826558613659531
-0.0065735249745158
-0.006863440366972477
-0.009398798165137615
-0.012057875637104995
-0.013036764525993883
-0.011731449541284404
-0.008912808358817534
-0.0067914811416921505
-0.00768674006116208
-0.012102034658511724
-0.01804707237512742
-0.022303798165137615
-0.023289181447502548
-0.02255065137614679
-0.022610090723751277
-0.024047669724770643
-0.025070384301732924
-0.023173386340468907
-0.017254865443425076
-0.008413719673802243
0.0011744311926605506
0.010254256880733946
0.019645946992864424
0.031035627930682978
0.04411513353720693
0.05534106320081549
0.06035216513761468
0.05753935270132518
0.048824439347604484
0.03730794801223242
0.02454253516819572
0.010390241590214067
-0.00421138124362895
-0.015585435270132519
-0.01996476656472987
-0.017462749235474005
-0.012241808358817533
-0.008557902140672782
-0.006683778797145769
-0.003318169215086646
0.003630255861365953
0.012291366972477064
0.01909274006116208
0.022288264016309886
0.02254237614678899
0.0213633873598369
0.019810090723751277
0.01769517635066259
0.01411323241590214
0.008966205912334352
0.0035867104994903158
-0.00018549031600407747
-0.0016541100917431193
-0.002139901121304791
-0.0036545168195718657
-0.0070829408766564725
-0.012171830784913355
-0.01816656880733945
-0.023911484199796128
-0.027946400611620795
-0.028746292558613662
-0.025681010193679916
-0.020129278287461777
-0.01482893985728848
-0.011749293577981651
-0.010928981651376147
-0.011296438328236494
-0.012064466870540264
-0.013581769622833842
-0.016771318042813458
-0.021617167176350663
-0.02643891743119266
-0.028899046890927624
-0.02787768603465851
-0.02401216717635066
-0.018675422018348622
-0.013138164118246688
-0.00816349133537207
-0.004178410805300713
-0.0013317319062181449
0.0011455443425076454
0.004372111111111111
0.008435825688073394
0.011838553516819571
0.012571765545361876
0.009997361875637104
0.005299621814475025
0.0004073425076452599
-0.003343087665647299
-0.005844872579001019
-0.007758117227319062
-0.009227909276248725
-0.009372396534148827
-0.0076141936799184505
-0.004734246687054027
-0.0022752925586136596
-0.0016163312945973495
-0.0033257696228338428
-0.006856737003058104
-0.01070821610601427
-0.01296823139653415
-0.01242067380224261
-0.00947613863404689
-0.005862768603465851
-0.0035123261977573904
-0.0028798134556574924
-0.0018985402650356779
0.0022161885830784913
0.010199416921508664
0.02006861162079511
0.028705126401630986
0.03400107339449541
0.03546607951070336
0.03359872069317023
0.02935992660550459
0.02412211722731906
0.019134510703363916
0.014618902140672784
0.01015785626911315
0.005768039755351681
0.001984024464831804
-0.001091158002038736
-0.004055594291539246
-0.007223418960244648
-0.010056566768603465
-0.011899014271151887
-0.013006466870540266
-0.01453143119266055
-0.01693972375127421
-0.018892046890927622
-0.01831825993883792
-0.014651747196738023
-0.009911826707441387
-0.006982495412844036
-0.00695370132517839
-0.008538339449541285
-0.00975819877675841
-0.009788645259938838
-0.009024014271151886
-0.0073710244648318044
-0.0035387420998980634
0.002987195718654434
0.010391357798165139
0.015856204892966363
0.017911813455657493
0.017699393476044854
0.017712311926605506
0.019001993883792048
0.020287545361875638
0.019898310907237513
0.01782333231396534
0.015059968399592252
0.011566866462793068
0.006419456676860347
-0.0002629592252803262
-0.00654189500509684
-0.009731118246687055
-0.008370301732925587
-0.00327592252803262
0.0032172731906218144
0.008925876656472986
0.012821374108053007
0.01468271865443425
0.014527837920489296
0.012887416921508665
0.010763191641182467
0.008533117227319063
0.005343940876656473
0.0003931131498470948
-0.005674225280326198
-0.010889664627930682
-0.013413635066258919
-0.013050854230377166
-0.011178431192660552
-0.00990653007135576
-0.011220410805300713
-0.015406605504587155
-0.020062763506625895
-0.021444401630988784
-0.017241213047910296
-0.008804565749235474
-0.0004899663608562691
0.004161129459734964
0.0055724536187563714
0.007021553516819571
0.010454399592252802
0.014302928644240572
0.015642890927624872
0.013491307849133537
0.009436166156982671
0.005388264016309888
0.0019892976554536186
-0.0006403425076452599
-0.001980096839959225
-0.001722058103975535
-0.0006544046890927625
-0.00016306931702344545
-0.0005752018348623854
-0.0005132945973496432
0.001642769622833843
0.006101964322120286
0.011605283384301734
0.01658373394495413
0.01988864016309888
0.02043508358817533
0.017297186544342508
0.011084737003058103
0.004153286442405708
-0.001778334352701325
-0.007304055045871559
-0.013740434250764526
-0.02061060142711519
-0.025944213047910294
-0.028471029561671763
-0.02859975127420999
-0.027469494393476044
-0.02516863506625892
-0.02058430377166157
-0.013178700305810398
-0.004055989806320081
0.0047340662589194695
0.011423655453618757
0.015188472986748216
0.01584226095820591
0.013359706422018348
0.00832024872579001
0.002301156982670744
-0.002906647298674822
-0.006211997961264016
-0.0074065820591233435
-0.006730902140672783
-0.004391633027522936
-0.0007056238532110092
0.0035596564729867483
0.007434840978593272
0.01040220998980632
0.012509803261977573
0.01362435881753313
0.01297583995922528
0.010021698267074414
0.005393600407747196
0.0005830509683995922
-0.0028691325178389396
-0.003858192660550459
-0.0020920815494393473
0.0015887543323139654
0.00554392252803262
0.008438561671763507
0.010335719673802243
0.012440424057084606
0.01548386748216106
0.01848837003058104
0.01946297247706422
0.017588901121304793
0.014388285423037717
0.012146549439347605
0.011536721712538226
0.011456795107033638
0.01069161875637105
0.008922799184505607
0.006745849133537206
0.004824184505606524
0.003051728848114169
0.0011401049949031601
-0.0007432752293577982
-0.0023764750254842
-0.003841941896024465
-0.005190285423037716
-0.00610054128440367
-0.006185959225280326
-0.005600275229357798
-0.005117022426095821
-0.005459754332313965
-0.006639848114169215
-0.00811693374108053
-0.009519318042813455
-0.010719759429153923
-0.011234904179408766
-0.010108303771661569
-0.006924112130479103
-0.0027754240570846077
0.000676624872579001
0.0026725372069317022
0.003397203873598369
0.0033853058103975532
0.003126001019367992
0.002597616717635066
0.0012015229357798165
-0.0012749622833843016
-0.0041162915392456674
-0.006360885830784913
-0.0074007991845056065
-0.007209296636085627
-0.006461041794087666
-0.006001617737003058
-0.0059878124362895005
-0.0058378807339449544
-0.00520588379204893
-0.004442596330275229
-0.00403602242609582
-0.004035573904179409
-0.0038960937818552496
-0.003065603465851172
-0.0018791600407747197
-0.001374821610601427
-0.0019779367991845055
-0.00302505504587156
-0.003798407747196738
-0.004440372069317023
-0.0056211284403669725
-0.0074238256880733945
-0.00879693985728848
-0.008615881753312946
-0.007111039755351682
-0.005700544342507646
-0.005432792048929664
-0.0059403588175331295
-0.006208199796126402
-0.0059192538226299695
-0.005325586136595311
-0.004440211009174312
-0.0030943261977573904
-0.0016566962283384302
-0.0010204179408766566
-0.0014867298674821612
-0.002377775739041794
-0.0029066829765545363
-0.002959519877675841
-0.003018070336391437
-0.00350089500509684
-0.004285015290519878
-0.004671509683995922
-0.00381215494393476
-0.0012431865443425076
0.002908534148827727
0.007893364933741081
0.012539118246687053
0.015731128440366973
0.016839140672782874
0.015700455657492354
0.012571476044852191
0.008126228338430174
0.003379802242609582
-0.00032325688073394493
-0.0021184322120285422
-0.002267307849133537
-0.0015723863404689092
-0.000740348623853211
-0.0002512599388379205
-0.0004363985728848114
-0.001505690112130479
-0.0032370020387359837
-0.00463586136595311
-0.00452936493374108
-0.00251910499490316
0.0006862660550458716
0.003771928644240571
0.0058903649337410805
0.007065445463812436
0.007598659531090723
0.0076724077471967385
0.0075612925586136595
0.0078524250764526
0.008994713557594292
0.010679298674821612
0.011935566768603465
0.011734829765545362
0.009819957186544343
0.007039340468909276
0.004835163098878695
0.004323026503567788
0.005740738022426095
0.008449722731906218
0.01107886748216106
0.012198152905198777
0.011156931702344547
0.008156798165137613
0.0038420428134556574
-0.0008945810397553518
-0.005034656472986748
-0.007904113149847096
-0.009391495412844036
-0.009616300713557594
-0.008717759429153924
-0.0070093669724770645
-0.005072452599388379
-0.003543763506625892
-0.0029215300713557593
-0.003457407747196738
-0.005100195718654435
-0.007668973496432212
-0.011019200815494394
-0.0149275749235474
-0.018837930682976553
-0.02191161365953109
-0.023422246687054026
-0.02298448827726809
-0.0206173251783894
-0.01683054740061162
-0.012387200815494393
-0.00783559633027523
-0.003188388379204893
0.0018335963302752295
0.006879271151885831
0.010845144750254842
0.012978876656472987
0.013534899082568809
0.013192835881753313
0.012297245667686035
0.01098041488277268
0.009856661569826708
0.00986039245667686
0.010974128440366973
0.01190814271151886
0.011479091743119266
0.009577481141692152
0.006778962283384302
0.003903664627930683
0.0018715219164118246
0.0014332782874617736
0.002614512742099898
0.004254496432212028
0.004441014271151886
0.0020817900101936797
-0.0019347400611620794
-0.00558624872579001
-0.007729142711518858
-0.008827686034658512
-0.009758976554536187
-0.01060974006116208
-0.010833362895005095
-0.010285611620795106
-0.00942261875637105
-0.00828372986748216
-0.0062171987767584095
-0.0027475586136595314
0.001687841997961264
0.0057619867482161065
0.008109255861365953
0.008232857288481141
0.006654197757390418
0.004342795107033639
0.0020555402650356777
6.967787971457696e-05
-0.001789480122324159
-0.003923450560652395
-0.006320191641182467
-0.008066418960244648
-0.007958238532110092
-0.0058766309887869515
-0.00312798878695209
-0.0011185840978593274
-0.00012627319062181446
0.0005699979612640163
0.001605630988786952
0.002828959225280326
0.003938791029561672
0.0050161039755351675
0.005950478083588175
0.006332722731906218
0.006192461773700305
0.006075444444444444
0.006367173292558614
0.006950363914373089
0.007275833843017329
0.006567788990825688
0.00434606625891947
0.0010067940876656474
-0.002260441386340469
-0.004392650356778797
-0.005249025484199797
-0.005452184505606524
-0.0056674780835881755
-0.005902669724770642
-0.005445481141692151
-0.0038030784913353722
-0.0015096880733944955
0.00015894699286442406
0.00042773190621814473
-0.0001870968399592253
-0.0005672375127420998
-6.54750254841998e-05
0.0012130377166156983
0.002697807339449541
0.0036342864424057084
0.0033586126401630987
0.0017773843017329257
-0.0004934454638124363
-0.0025445616717635067
-0.0035492976554536188
-0.0031802579001019367
-0.0016955902140672783
0.0004595688073394495
0.0028204648318042812
0.004877183486238532
0.006192948012232416
0.006656124362895005
0.006726261977573904
0.007041797145769623
0.007486648318042813
0.007205137614678899
0.005750797145769622
0.003619939857288481
0.0016640254841997961
0.0004805718654434251
0.0003270560652395515
0.0011260295616717635
0.00242931498470948
0.0037038990825688073
0.004587186544342508
0.004856881753312945
0.004325235474006117
0.0027717471967380223
0.00014576554536187565
-0.0030284118246687052
-0.005659549439347605
-0.006910345565749235
-0.007004595310907238
-0.0068948746177370035
-0.007291193679918451
-0.008218981651376146
-0.009194852191641182
-0.009632225280326197
-0.009166664627930683
-0.007825511722731906
-0.006049214067278288
-0.004468950050968399
-0.0035643078491335374
-0.003384840978593272
-0.003641433231396534
-0.0038933190621814476
-0.0034540356778797144
-0.0015523669724770643
0.0020251070336391435
0.00643202752293578
0.010098565749235474
0.011827780835881752
0.01170019367991845
0.010801987767584098
0.010025385321100918
0.009262589194699288
0.007827241590214067
0.005459803261977574
0.0026105626911314983
5.930275229357798e-05
-0.0015147971457696227
-0.001857921508664628
-0.0012169714576962282
-0.00024745361875637103
0.0003518481141692151
0.0005760540265035678
0.0011056269113149846
0.0022741396534148826
0.003490018348623853
0.003877598369011213
0.0033803333333333333
0.002830448521916412
0.003022965341488277
0.004111616717635067
0.005648054026503567
0.0068667043832823646
0.007062696228338431
0.005934285423037716
0.0036779928644240572
0.0008835871559633027
-0.0017326880733944954
-0.0037368185524974517
-0.005204290519877676
-0.0064009826707441386
-0.007295875637104995
-0.007698427115188583
-0.007727167176350663
-0.007769485219164118
-0.007980340468909277
-0.008078829765545362
-0.007659395514780836
-0.006733019367991845
-0.005794375127420998
-0.0052063200815494395
-0.004834192660550458
-0.004283520897043833
-0.003202896024464832
-0.001477711518858308
0.0005794587155963303
0.0022490234454638123
0.0028229235474006116
0.0021621834862385323
0.000809323139653415
-0.0005739266055045872
-0.001708335372069317
-0.002508512742099898
-0.0027515891946992862
-0.0021592721712538226
-0.0008522426095820591
0.00041507543323139655
0.0007714658511722732
0.00012416004077471968
-0.0005755107033639143
-0.00016778389398572883
0.0016353669724770642
0.0040431692150866465
0.005903011213047911
0.006564355759429153
0.006207180428134556
0.005564814475025484
0.0052270397553516815
0.005080275229357798
0.004471400611620795
0.002903919469928644
0.000751243628950051
-0.0007043853211009174
-0.0003475749235474006
0.0015878450560652395
0.0036397869520897047
0.004412976554536188
0.003685550458715596
0.002073186544342508
7.207543323139653e-05
-0.002127113149847095
-0.004310916411824669
-0.006150327217125382
-0.007410813455657492
-0.008050206931702344
-0.007958268093781855
-0.0068414923547400605
-0.004609620795107034
-0.001736118246687054
0.0008925474006116207
0.002462420998980632
0.002654216106014271
0.0017370020387359837
0.00023223445463812435
-0.001526138634046891
-0.0033646799184505606
-0.005077668705402651
-0.0064610499490316
-0.007242588175331295
-0.00702921508664628
-0.005651912334352702
-0.0035665035677879715
-0.0016602752293577983
-0.0005884352701325178
-0.0003989989806320081
-0.0008184322120285423
-0.001579112130479103
-0.002384532110091743
-0.0028355688073394497
-0.0026539755351681956
-0.0019168042813455658
-0.00082965749235474
0.0006606523955147808
0.002873920489296636
0.005896754332313966
0.009020545361875637
0.011011051987767584
0.01123490621814475
0.010283309887869522
0.009329255861365952
0.00900186748216106
0.009032939857288482
0.008854898063200816
0.008302613659531092
0.007573930682976554
0.006675903160040774
0.005343559633027523
0.0034857186544342508
0.001516072375127421
6.911824668705403e-05
-0.0007432640163098878
-0.0015577196738022425
-0.00298581753312946
-0.004841485219164118
-0.006254813455657492
-0.006600802242609582
-0.006250930682976555
-0.006136987767584098
-0.006898232415902141
-0.008551388379204893
-0.010522511722731907
-0.011944107033639144
-0.012080174311926605
-0.010697085626911315
-0.008189468909276248
-0.005433057084607544
-0.0032727400611620794
-0.0018750244648318042
-0.0007667431192660551
0.0004848756371049949
0.0019442324159021406
0.003505809378185525
0.005190428134556575
0.007084879714576962
0.008958487257900102
0.010230293577981652
0.010499278287461774
0.009946837920489296
0.009081664627930683
0.008282085626911316
0.007615904179408766
0.006933294597349643
0.006057610601427115
0.0049471080530071355
0.0037841641182466868
0.0027958460754332315
0.0020021131498470946
0.0012033537206931702
0.0001672446483180428
-0.0010570020387359836
-0.0021370020387359834
-0.002803039755351682
-0.003097803261977574
-0.003278902140672783
-0.0034380642201834863
-0.0033730897043832823
-0.0029188318042813453
-0.0021922803261977576
-0.0013299153924566768
-0.00020485117227319062
0.0012869683995922528
0.0028342579001019367
0.00381572375127421
0.0039362130479102956
0.0036108878695208972
0.0035892395514780834
0.004273470948012233
0.005411119266055046
0.006288538226299695
0.006172114169215087
0.00483127624872579
0.0026692599388379204
0.0004364546381243629
-0.0010179704383282365
-0.001089545361875637
9.68644240570846e-05
0.0015645025484199797
0.0020416218144750256
0.0008803537206931702
-0.00139761875637105
-0.003535130479102956
-0.0045823445463812435
-0.00452306625891947
-0.003994651376146789
-0.0035693455657492355
-0.003304422018348624
-0.00293693374108053
-0.0023940091743119268
-0.0018584016309887868
-0.001452816513761468
-0.0011484750254841997
-0.0009379255861365952
-0.0008891202854230377
-0.0010373007135575944
-0.0012853975535168196
-0.0014818318042813456
-0.0016665718654434252
-0.0020817400611620796
-0.002856651376146789
-0.0038506269113149846
-0.0048954108053007135
-0.005950730886850153
-0.006862590214067278
-0.007241635066258919
-0.006753655453618756
-0.005445214067278287
-0.003745682976554536
-0.002090715596330275
-0.0005546697247706422
0.0009549775739041795
0.002285330275229358
0.0030888511722731906
0.0032388450560652394
0.0030088919469928644
0.0027679367991845054
0.0026117257900101936
0.002390270132517839
0.0020155626911314986
0.0015542415902140671
0.0009975739041794087
0.00014655249745158003
-0.0011052415902140672
-0.0023949582059123345
-0.0031043394495412846
-0.0030459785932721714
-0.002631795107033639
-0.0022984648318042813
-0.0019616605504587156
-0.0012140519877675842
-3.758409785932722e-06
0.0011138134556574924
0.0014839755351681958
0.000985946992864424
7.311926605504587e-06
-0.0010248328236493374
-0.0018674852191641184
-0.0023293516819571864
-0.0021997900101936797
-0.0015123690112130478
-0.0007044179408766565
-0.00023313863404689092
-9.213863404689092e-05
0.00010506218144750255
0.0005610621814475025
0.0010817176350662587
0.0014921549439347605
0.001900466870540265
0.0024206809378185526
0.0028707013251783897
0.002880364933741081
0.002235601427115189
0.0010508002038735983
-0.0003102844036697248
-0.0014254291539245669
-0.0019868980632008156
-0.001846217125382263
-0.000934677879714577
0.0006949133537206932
0.0026916228338430175
0.004452472986748216
0.005419099898063201
0.005308757390417941
0.004196874617737003
0.0023975545361875636
0.00022861162079510704
-0.002003032619775739
-0.0038900356778797146
-0.004958268093781856
-0.004974343527013252
-0.004203689092762487
-0.003123196738022426
-0.0018808511722731907
-0.00026931294597349643
0.0017082599388379203
0.003469356778797146
0.004202785932721712
0.0036150295616717634
0.002208299694189603
0.0007775107033639144
-0.00019285626911314985
-0.0006054087665647299
-0.0004728409785932722
0.00015997043832823647
0.0010881722731906217
0.0020006299694189603
0.0026859041794087667
0.003125677879714577
0.003397084607543323
0.0034988858307849133
0.0032993618756371047
0.0026786156982670744
0.0016894159021406728
0.0005304678899082569
-0.0005102568807339449
-0.0011991763506625894
-0.001557915392456677
-0.0018218012232415902
-0.0022029755351681956
-0.002720327217125382
-0.003244367991845056
-0.0036225902140672784
-0.0038180010193679917
-0.0039418960244648315
-0.004079987767584098
-0.004184068297655453
-0.004116700305810398
-0.0037587737003058103
-0.0031178858307849134
-0.002341716615698267
-0.0016394791029561671
-0.0011534882772680937
-0.0008167329255861366
-0.0003907257900101937
0.00018170234454638123
0.0005430040774719674
0.0002903679918450561
-0.00044239041794087665
-0.0010310112130479103
-0.001003907237512742
-0.000530006116207951
-0.00021726299694189603
-0.00042929765545361877
-0.0009163261977573905
-0.0012126024464831804
-0.0012216299694189602
-0.001285518858307849
-0.001705039755351682
-0.0023262599388379204
-0.0027019694189602443
-0.002593146788990826
-0.002208936799184506
-0.0019083312945973496
-0.0019228440366972476
-0.0024048379204892967
-0.003404810397553517
-0.004691982670744138
-0.005690825688073394
-0.005787745158002039
-0.004819162079510704
-0.0031520101936799183
-0.0013200285423037716
0.00031363608562691127
0.0015591681957186545
0.002326690112130479
0.0026413537206931704
0.0026556207951070336
0.002638907237512742
0.002839559633027523
0.0032816218144750254
0.0037747451580020385
0.0041245443425076455
0.004300183486238532
0.004452333333333333
0.004740794087665647
0.005121361875637105
0.005318831804281346
0.004989604485219164
0.0040275300713557595
0.002746493374108053
0.0016130081549439346
0.000778710499490316
4.702140672782875e-05
-0.0007536799184505607
-0.0015002140672782875
-0.0018773343527013252
-0.0017507441386340468
-0.0013301396534148827
-0.0009335402650356779
-0.0006760825688073394
-0.0004775412844036697
-0.00028038735983690116
-0.00011556269113149847
7.2161060142711524e-06
0.00012827624872579002
0.00032676146788990825
0.0006851406727828746
0.0011620621814475026
0.001608441386340469
0.0018890326197757389
0.0019502803261977574
0.0017960693170234454
0.0014251620795107036
0.0008828338430173293
0.00032512742099898066
-2.0194699286442405e-05
-2.6906218144750252e-05
0.00018224872579001018
0.00033936595310907235
0.000323262996941896
0.00017986136595310906
-0.0001409816513761468
-0.0008170897043832823
-0.001901874617737003
-0.0031125830784913353
-0.003979791029561672
-0.004229930682976555
-0.003957870540265036
-0.003521183486238532
-0.0032904638124362897
-0.0033798430173292556
-0.0036141946992864424
-0.003766665647298675
-0.003704557594291539
-0.003366041794087666
-0.0027792721712538225
-0.002061593272171254
-0.0013522354740061163
-0.0007450142711518859
-0.0002987665647298675
-6.915596330275229e-05
-5.313047910295617e-05
-8.461365953109072e-05
8.280020387359836e-05
0.0005440020387359836
0.0011639653414882772
0.001699868501529052
0.0019123853211009175
0.001610546381243629
0.0007651100917431193
-0.00037960244648318044
-0.001403756371049949
-0.001967932721712538
-0.0020355372069317023
-0.001878059123343527
-0.001806474006116208
-0.0018926615698267074
-0.0019452293577981652
-0.0017415983690112129
-0.001317893985728848
-0.0009690530071355759
-0.0009646146788990826
-0.0013012130479102956
-0.0016853771661569825
-0.0017532395514780834
-0.0013975616717635067
-0.0008603435270132518
-0.00043883078491335374
-0.00019888073394495412
-1.749643221202854e-05
0.0001980387359836901
0.00041767584097859324
0.0005743955147808359
0.0006842864424057085
0.0008281080530071356
0.0010730091743119266
0.0014391630988786952
0.0018180560652395514
0.001941855249745158
0.0015978318042813454
0.0008851916411824668
0.00019376146788990825
-0.00011914678899082569
-3.356167176350663e-05
0.00015672273190621815
0.00018122018348623852
6.693679918450561e-05
4.934046890927625e-05
0.0002268053007135576
0.00038458307849133537
0.0002404505606523955
-0.00020998267074413864
-0.0006442568807339449
-0.0006817084607543323
-0.00025150968399592253
0.00035244546381243627
0.0007723017329255861
0.0007936941896024465
0.00033525484199796126
-0.000555624872579001
-0.0016655688073394495
-0.0026555504587155963
-0.0031756116207951072
-0.003106322120285423
-0.0027004954128440365
-0.0023564108053007135
-0.002274395514780836
-0.002329402650356779
-0.0022241875637104996
-0.0017446829765545362
-0.0008975739041794088
0.00016544852191641184
0.0012920152905198776
0.0023170754332313965
0.0030460489296636082
0.0033682385321100916
0.003339517838939857
0.003140204892966361
0.0029740377166156983
0.002936973496432212
0.00297061875637105
0.002933525993883792
0.0027119113149847098
0.0023159102956167173
0.001888928644240571
0.0016300805300713556
0.0016617023445463814
0.0019601427115188584
0.002371060142711519
0.0026969633027522934
0.0028513129459734965
0.0028952589194699285
0.0028989429153924566
0.0027841702344546383
0.002395316004077472
0.0017269561671763509
0.0009928103975535168
0.0004897482161060143
0.00035867482161060145
0.00048660652395514777
0.0006413792048929664
0.0006447726809378186
0.0004522854230377166
0.00012482059123343527
-0.00021408766564729869
-0.0004231630988786952
-0.00044983588175331293
-0.00041417838939857287
-0.0005252405708460754
-0.0009040540265035678
-0.0015058572884811417
-0.002175907237512742
-0.0027838583078491335
-0.0033040101936799185
-0.0037469551478083586
-0.004039799184505606
-0.004039296636085626
-0.0037186952089704383
-0.003265289500509684
-0.0029117390417940877
-0.0027610509683995924
-0.0027376228338430175
-0.0026229357798165137
-0.00222603873598369
-0.001565901121304791
-0.0008458623853211008
-0.0002613700305810398
0.00015544036697247708
0.0004978216106014271
0.000830039755351682
0.0011426554536187565
0.0014354464831804281
0.0017438776758409787
0.002088532110091743
0.0023865361875637105
0.00240911620795107
0.001974294597349643
0.0012073200815494393
0.0004704393476044852
5.7065239551478084e-05
4.233741080530071e-05
0.00033657288481141694
0.0007422548419979613
0.0010106004077471969
0.0009552405708460755
0.0005678674821610601
3.6703363914373094e-05
-0.0003852996941896025
-0.000513196738022426
-0.0002445412844036697
0.0003854729867482161
0.0011232793068297654
0.001586630988786952
0.0015122752293577982
0.0010096748216106015
0.0005238909276248726
0.0004497084607543323
0.0007847155963302753
0.0011486330275229358
0.0011427645259938838
0.0007054648318042814
8.96901121304791e-05
-0.0004174546381243629
-0.0006636870540265036
-0.00060817125382263
-0.0002856717635066259
0.00014343527013251783
0.0004099938837920489
0.0003180968399592253
-8.923955147808358e-05
-0.0005704852191641182
-0.0009005790010193681
-0.0010130540265035678
-0.0009784709480122325
-0.0009238970438328237
-0.0009487288481141692
-0.0010546544342507646
-0.0011151080530071354
-0.0009586666666666666
-0.0005638939857288481
-0.00013060754332313963
0.00010040366972477064
6.574311926605504e-05
-7.727013251783893e-05
-0.00010794903160040775
6.143323139653414e-05
0.00032632517838939855
0.000544401630988787
0.0007175076452599388
0.0009660978593272171
0.001355770642201835
0.0017877410805300714
0.0020740214067278286
0.0020931681957186547
0.0019243068297655453
0.0018307135575942916
0.001995547400611621
0.0023105168195718655
0.0025269704383282365
0.0025435759429153926
0.0024477624872579
0.002305410805300713
0.002030262996941896
0.0015372375127421
0.0009424026503567788
0.0004783843017329256
0.00022140978593272173
1.9277268093781857e-05
-0.0002907329255861366
-0.0006891335372069317
-0.001039730886850153
-0.0012604984709480122
-0.001354256880733945
-0.0013230407747196738
-0.0011394994903160041
-0.000826085626911315
-0.0004986738022426096
-0.0002311875637104995
5.128542303771662e-05
0.00042935677879714574
0.0008124322120285424
0.0009668929663608563
0.0007219949031600408
0.00014634658511722732
-0.000505934760448522
-0.0009613802242609582
-0.00104234250764526
-0.0007442324159021407
-0.0002354617737003058
0.00022852905198776757
0.00043923853211009177
0.000352434250764526
8.956065239551478e-05
-0.00018474821610601428
-0.0003650203873598369
-0.0003910224260958206
-0.00026540876656472984
-0.00011322426095820592
-0.00010086544342507645
-0.00026204179408766565
-0.0004464525993883792
-0.0004450071355759429
-0.00018598267074413863
0.00018478491335372068
0.00046572986748216104
0.0005857818552497452
0.0006056962283384303
0.000632697247706422
0.0007445820591233435
0.0009546992864424056
0.0012211416921508664
0.0014648644240570848
0.0016064199796126401
0.0016452477064220184
0.0016411406727828745
0.0015921865443425077
0.001447742099898063
0.001215006116207951
0.000995737003058104
0.000897796126401631
0.0008909796126401631
0.0008235208970438328
0.0006242426095820591
0.00038967787971457696
0.00018072884811416923
-0.00010389296636085626
-0.0005136778797145769
-0.0008385677879714577
-0.0007417675840978593
-0.00012121406727828747
0.0007559633027522936
0.0015074301732925586
0.001930071355759429
0.0020352334352701324
0.0019081732925586136
0.001594018348623853
0.001114085626911315
0.0005255249745158002
-9.29184505606524e-05
-0.0006819296636085627
-0.0011935963302752294
-0.0015546228338430173
-0.0017136890927624874
-0.0017228470948012233
-0.001657533129459735
-0.001491031600407747
-0.0011559306829765545
-0.0006737737003058104
-0.00013828848114169216
0.0003771539245667686
0.0008297900101936798
0.0011474403669724772
0.0012175219164118245
0.000982506625891947
0.0005545912334352701
0.00016513761467889908
-3.6697247706422016e-05
-7.665341488277268e-05
-4.2159021406727825e-05
6.187359836901121e-05
0.00028486952089704385
0.0005850438328236493
0.0007957614678899082
0.0007749235474006116
0.0005358868501529052
0.0001875514780835882
-0.00016940774719673802
-0.0004422986748216106
-0.0005268379204892966
-0.0003662099898063201
-3.240366972477064e-05
0.0003392589194699287
0.000696651376146789
0.0010420815494393476
0.0012904179408766564
0.0012909174311926605
0.001001946992864424
0.0005946442405708461
0.0003034230377166157
0.00020300713557594292
0.0001958236493374108
0.00015225993883792049
1.7028542303771663e-05
-0.00021938124362895004
-0.0005620744138634047
-0.0009553700305810397
-0.0012636921508664628
-0.0013774097859327217
-0.0013112324159021407
-0.0011820499490316004
-0.0011070366972477064
-0.0011295117227319061
-0.0012409938837920488
-0.001394921508664628
-0.0014663384301732926
-0.0013218267074413864
-0.0009838725790010194
-0.0006283425076452599
-0.0003574903160040775
-6.918042813455657e-05
0.00035791131498470947
0.0008352008154943934
0.0011120958205912336
0.001015861365953109
0.0006022966360856269
6.335983690112131e-05
-0.00048014882772680936
-0.0009895229357798165
-0.0013592222222222222
-0.0014353792048929664
-0.0012097624872579001
-0.0008767125382262997
-0.0006533058103975536
-0.0006037655453618756
-0.0006660050968399592
-0.0007488521916411826
-0.0007121498470948012
-0.00039344750254842
0.00018702344546381243
0.0007585626911314984
0.0010455953109072373
0.0010498511722731906
0.001031084607543323
0.0011727808358817534
0.0013336034658511724
0.0012451498470948013
0.0008799367991845057
0.0004459826707441386
7.163812436289502e-05
-0.00029992252803261974
-0.0007241090723751274
-0.0011305851172273191
-0.0014128073394495413
-0.0015443241590214069
-0.0015369184505606523
-0.001365525993883792
-0.0010271763506625891
-0.0006193873598369012
-0.0002703781855249745
6.72782874617737e-06
0.0002847767584097859
0.0005025168195718654
0.0004526014271151886
7.127319062181447e-05
-0.00041481651376146786
-0.0007434057084607543
-0.0009330744138634047
-0.0012009418960244648
-0.0015873588175331294
0.0
0.0
0.0
0.0
0.0
0.0
0.0
0.0
0.0
0.0
0.0
0.0
0.0
0.0
0.0
0.0
0.0
0.0
0.0
0.0
0.0
0.0
0.0
0.0
0.0
0.0
0.0
0.0
0.0
0.0
0.0
0.0
0.0
0.0
0.0
0.0
0.0
0.0
0.0
0.0
0.0
0.0
0.0
0.0
0.0
0.0
0.0
0.0
0.0
0.0
0.0
0.0
0.0
0.0
0.0
0.0
0.0
0.0
0.0
0.0
0.0
0.0
0.0
0.0
0.0
0.0
0.0
0.0
0.0
0.0
0.0
0.0
0.0
0.0
0.0
0.0
0.0
0.0
0.0
0.0
0.0
0.0
0.0
0.0
0.0
0.0
0.0
0.0
0.0
0.0
0.0
0.0
0.0
0.0
0.0
0.0
0.0
0.0
0.0
0.0
0.0
0.0
0.0
0.0
0.0
0.0
0.0
0.0
0.0
0.0
0.0
0.0
0.0
0.0
0.0
0.0
0.0
0.0
0.0
0.0
0.0
0.0
0.0
0.0
0.0
0.0
0.0
0.0
0.0
0.0
0.0
0.0
0.0
0.0
0.0
0.0
0.0
0.0
0.0
0.0
0.0
0.0
0.0
0.0
0.0
0.0
0.0
0.0
0.0
0.0
0.0
0.0
0.0
0.0
0.0
0.0
0.0
0.0
0.0
0.0
0.0
0.0
0.0
0.0
0.0
0.0
0.0
0.0
0.0
0.0
0.0
0.0
0.0
0.0
0.0
0.0
0.0
0.0
0.0
0.0
0.0
0.0
0.0
0.0
0.0
0.0
0.0
0.0
0.0
0.0
0.0
0.0
0.0
0.0
0.0
0.0
0.0
0.0
0.0
0.0
0.0
0.0
0.0
0.0
0.0
0.0
0.0
0.0
0.0
0.0
0.0
0.0
0.0
0.0
0.0
0.0
0.0
0.0
0.0
0.0
0.0
0.0
0.0
0.0
0.0
0.0
0.0
0.0
0.0
0.0
0.0
0.0
0.0
0.0
0.0
0.0
0.0
0.0
0.0
0.0
0.0
0.0
0.0
0.0
0.0
0.0
0.0
0.0
0.0
0.0
0.0
0.0
0.0
0.0
0.0
0.0
0.0
0.0
0.0
0.0
0.0
0.0
0.0
0.0
0.0
0.0
0.0
0.0
0.0
0.0
0.0
0.0
0.0
0.0
0.0
0.0
0.0
0.0
0.0
0.0
0.0
0.0
0.0
0.0
0.0
0.0
0.0
0.0
0.0
0.0
0.0
0.0
0.0
0.0
0.0
0.0
0.0
0.0
0.0
0.0
0.0
0.0
0.0
0.0
0.0
0.0
0.0
0.0
0.0
0.0
0.0
0.0
0.0
0.0
0.0
0.0
0.0
0.0
0.0
0.0
0.0
0.0
0.0
0.0
0.0
0.0
0.0
0.0
0.0
0.0
0.0
0.0
0.0
0.0
0.0
0.0
0.0
0.0
0.0
0.0
0.0
0.0
0.0
0.0
0.0
0.0
0.0
0.0
0.0
0.0
0.0
0.0
0.0
0.0
0.0
0.0
0.0
0.0
0.0
0.0
0.0
0.0
0.0
0.0
0.0
0.0
0.0
0.0
0.0
0.0
0.0
0.0
0.0
0.0
0.0
0.0
0.0
0.0
0.0
0.0
0.0
0.0
0.0
0.0
0.0
0.0
0.0
0.0
0.0
0.0
0.0
0.0
0.0
0.0
0.0
0.0
0.0
0.0
0.0
0.0
0.0
0.0
0.0
0.0
0.0
0.0
0.0
0.0
0.0
0.0
0.0
0.0
0.0
0.0
0.0
0.0
0.0
0.0
0.0
0.0
0.0
0.0
0.0
0.0
0.0
0.0
0.0
0.0
0.0
0.0
0.0
0.0
0.0
0.0
0.0
0.0
0.0
0.0
0.0
0.0
0.0
0.0
0.0
0.0
0.0
0.0
0.0
0.0
0.0
0.0
0.0
0.0
0.0
0.0
0.0
0.0
0.0
0.0
0.0
0.0
0.0
0.0
0.0
0.0
0.0
0.0
0.0
0.0
0.0
0.0
0.0
0.0
0.0
0.0
0.0
0.0
0.0
0.0
0.0
0.0
0.0
0.0
0.0
0.0
0.0
0.0
0.0
0.0
0.0
0.0
0.0
0.0
0.0
0.0
0.0
0.0
0.0
0.0
0.0
0.0
0.0
0.0
0.0
0.0
0.0
0.0
0.0
0.0
0.0
0.0
0.0
0.0
0.0
0.0
0.0
0.0
0.0
0.0
0.0
0.0
0.0
0.0
0.0
0.0
0.0
0.0
0.0
0.0
0.0
0.0
0.0
0.0
0.0
0.0
0.0
0.0
0.0
0.0
0.0
0.0
0.0
0.0
0.0
0.0
0.0
0.0
0.0
0.0
0.0
0.0
0.0
0.0
0.0
0.0
0.0
0.0
0.0
0.0
0.0
0.0
0.0
0.0
0.0
0.0
0.0
0.0
0.0
0.0
0.0
0.0
0.0
0.0
0.0
0.0
0.0
0.0
0.0
0.0
0.0
0.0
0.0
0.0
0.0
0.0
0.0
0.0
0.0
0.0
0.0
0.0
0.0
0.0
0.0
0.0
0.0
0.0
0.0
0.0
0.0
0.0
0.0
0.0
0.0
0.0
0.0
0.0
0.0
0.0
0.0
0.0
0.0
0.0
0.0
0.0
0.0
0.0
0.0
0.0
0.0
0.0
0.0
0.0
0.0
0.0
0.0
0.0
0.0
0.0
0.0
0.0
0.0
0.0
0.0
0.0
0.0
0.0
0.0
0.0
0.0
0.0
0.0
0.0
0.0
0.0
0.0
0.0
0.0
0.0
0.0
0.0
0.0
0.0
0.0
0.0
0.0
0.0
0.0
0.0
0.0
0.0
0.0
0.0
0.0
0.0
0.0
0.0
0.0
0.0
0.0
0.0
0.0
0.0
0.0
0.0
0.0
0.0
0.0
0.0
0.0
0.0
0.0
0.0
0.0
0.0
0.0
0.0
0.0
0.0
0.0
0.0
0.0
0.0
0.0
0.0
0.0
0.0
0.0
0.0
0.0
0.0
0.0
0.0
0.0
0.0
0.0
0.0
0.0
0.0
0.0
0.0
0.0
0.0
0.0
0.0
0.0
0.0
0.0
0.0
0.0
0.0
0.0
0.0
0.0
0.0
0.0
0.0
0.0
0.0
0.0
0.0
0.0
0.0
0.0
0.0
0.0
0.0
0.0
0.0
0.0
0.0
0.0
0.0
0.0
0.0
0.0
0.0
0.0
0.0
0.0
0.0
0.0
0.0
0.0
0.0
0.0
0.0
0.0
0.0
0.0
0.0
0.0
0.0
0.0
0.0
0.0
0.0
0.0
0.0
0.0
0.0
0.0
0.0
0.0
0.0
0.0
0.0
0.0
0.0
0.0
0.0
0.0
0.0
0.0
0.0
0.0
0.0
0.0
0.0
0.0
0.0
0.0
0.0
0.0
0.0
0.0
0.0
0.0
0.0
0.0
0.0
0.0
0.0
0.0
0.0
0.0
0.0
0.0
0.0
0.0
0.0
0.0
0.0
0.0
0.0
0.0
0.0
0.0
0.0
0.0
0.0
0.0
0.0
0.0
0.0
0.0
0.0
0.0
0.0
0.0
0.0
0.0
0.0
0.0
0.0
0.0
0.0
0.0
0.0
0.0
0.0
0.0
0.0
0.0
0.0
0.0
0.0
0.0
0.0
0.0
0.0
0.0
0.0
0.0
0.0
0.0
0.0
0.0
0.0
0.0
0.0
0.0
0.0
0.0
0.0
0.0
0.0
0.0
0.0
0.0
0.0
0.0
0.0
0.0
0.0
0.0
0.0
0.0
0.0
0.0
0.0
0.0
0.0
0.0
0.0
0.0
0.0
0.0
0.0
0.0
0.0
0.0
0.0
0.0
0.0
0.0
0.0
0.0
0.0
0.0
0.0
0.0
0.0
0.0
0.0
0.0
0.0
0.0
0.0
0.0
0.0
0.0
0.0
0.0
0.0
0.0
0.0
0.0
0.0
0.0
0.0
0.0
0.0
0.0
0.0
0.0
0.0
0.0
0.0
0.0
0.0
0.0
0.0
0.0
0.0
0.0
0.0
0.0
0.0
0.0
0.0
0.0
0.0
0.0
0.0
0.0
0.0
0.0
0.0
0.0
0.0
0.0
0.0
0.0
0.0
0.0
0.0
0.0
0.0
0.0
0.0
0.0
0.0
0.0
0.0
0.0
0.0
0.0
0.0
0.0
0.0
0.0
0.0
0.0
0.0
0.0
0.0
0.0
0.0
0.0
0.0
0.0
0.0
0.0
0.0
0.0
0.0
0.0
0.0
0.0
0.0
0.0
0.0
0.0
0.0
0.0
0.0
0.0
0.0
0.0
0.0
